9.921202223874024950e-01
6.740192285075830014e-01
1.935833663967705398e-01
5.095881462289535424e-01
6.131477113756655939e-01
1.119770865330256271e-01
6.819906281675475190e-01
5.320745059864540050e-02
5.026968239441866881e-01
1.039872229243077317e-01
8.157128483089950421e-01
6.339137972715107594e-01
9.719656331036322650e-01
7.859582572840719816e-01
6.475607138198504753e-01
1.545223396801409521e-02
4.583653478750537857e-01
6.032946935892800067e-01
1.664918474389371905e-01
5.240637894249331463e-01
1.477208813800190423e-01
5.240381496997271737e-01
9.586438187232597663e-01
3.338469539537600728e-01
2.177632642608603453e-01
9.863773380119115197e-01
7.434372331041148030e-01
6.222559895549354403e-01
8.138923366366039858e-01
6.092088659483835267e-01
2.162648923854297855e-01
3.463232484167340086e-01
6.265195315703614432e-01
8.988448940795734643e-01
9.377395252535947190e-01
1.039825546385053645e-01
9.467688581641143797e-01
6.429876758359596156e-01
3.464668706564688616e-02
9.622432551346826735e-02
1.624141872384583518e-01
1.870657149984572554e-01
8.949090785838381690e-01
6.216034065714598489e-01
2.334056955675094525e-01
4.813858469184206790e-02
2.838273106213453634e-01
3.987483318321430881e-01
3.417299248096544728e-01
2.390333184099167063e-01
2.974247265765825876e-01
5.226665146625364411e-01
6.010680655209116319e-01
6.571705119300410569e-01
1.398686648496887397e-01
1.396321693082120952e-01
1.879997881443812302e-01
4.553206141315846445e-01
3.581470937778794550e-01
2.155921138982755947e-01
5.355022757820615542e-02
2.857955823301198128e-01
9.374108025961621626e-01
9.289304273165543968e-01
5.466314547387487455e-01
9.028323227153423058e-01
3.742881940483935299e-01
7.927893709128450705e-01
2.334746185621650039e-02
2.657193955311590861e-01
4.926062287318041522e-01
4.237228721376137264e-01
7.789882633430584846e-01
1.232552395242900722e-01
6.882351570598873591e-01
6.501330506858191693e-01
6.253672767046428715e-01
3.618508744207292738e-01
5.069153428216418567e-01
1.366877712158592884e-01
7.297345712604605961e-01
4.041744904091187918e-01
8.947552610572955256e-01
5.852656846813448777e-01
8.586576643732259928e-01
6.735941168234976795e-01
7.437843944833463228e-01
5.859637747416527320e-01
3.079297621391918760e-02
3.039371109678531413e-01
2.858254237101229833e-01
8.999715271451504961e-01
2.184410673642214196e-01
2.457450101042394364e-01
5.476428784645559489e-02
2.546228672907246970e-02
2.275202738545705206e-01
6.371995194801288731e-01
4.862228396389743912e-01
4.037521279718264688e-01
